[array([0.868687, 0.787879]), array([0.808081, 0.969697]), array([0.424242, 0.383838, 0.515152]), array([0.413793, 0.413793, 0.310345, 0.448276]), array([0.37931 , 0.862069, 1.      , 0.965517]), array([0.285714, 0.357143, 0.428571, 0.714286, 0.      ]), array([0.025467, 0.114789, 0.192052, 0.027076, 0.549257, 0.731293]), array([0.019441, 0.042072, 0.022828, 0.031337, 0.50331 , 0.742218,0.488022, 0.950886])]
[array([0.728729, 0.733734]), array([0.666667, 0.929293]), array([0.393939, 0.060606, 0.505051]), array([0.37931 , 0.413793, 0.413793, 0.448276]), array([0.793103, 1.      , 1.      , 1.      ]), array([0.285714, 0.142857, 0.571429, 1.      , 0.214286]), array([0.053124, 0.899049, 0.266143, 0.063404, 0.442257, 0.707078]), array([0.001911, 0.016891, 0.072586, 0.029617, 0.557878, 0.71667 ,       0.408456, 0.954611])]
[array([0.693694, 0.711712]), array([0.767677, 0.171717]), array([0.606061, 0.737374, 0.676768]), array([0.37931 , 0.413793, 0.448276, 0.448276]), array([1., 1., 1., 1.]), array([0.285714, 0.571429, 0.071429, 0.928571, 0.071429]), array([0.111111, 0.222222, 0.555556, 0.444444, 0.111111, 0.888889]), array([0.001099, 0.024166, 0.085579, 0.123805, 0.63976 , 0.71772 ,       0.348472, 0.864105])]
[array([0.66967 , 0.658659]), array([0.707071, 0.888889]), array([0.424242, 0.777778, 0.      ]), array([0.37931 , 0.413793, 0.413793, 0.413793]), array([1.      , 0.862069, 1.      , 1.      ]), array([0., 0., 1., 0., 0.]), array([0.      , 0.333333, 0.666667, 0.      , 0.      , 1.      ]), array([2.71000e-04, 1.70300e-03, 1.03381e-01, 8.64000e-02, 7.32007e-01,       6.78173e-01, 3.94603e-01, 8.20379e-01])]
[array([0.670671, 0.635636]), array([1., 0.]), array([0.161616, 0.      , 0.616162]), array([0.      , 0.172414, 0.310345, 0.      ]), array([1.      , 1.      , 1.      , 0.827586]), array([0.428571, 0.      , 0.571429, 1.      , 0.      ]), array([0.      , 0.687789, 0.230598, 0.005621, 0.069453, 0.935216]), array([0.025823, 0.      , 0.      , 0.137373, 0.744007, 0.64351 ,       0.381849, 0.854626])]
[array([0.24024 , 0.906907]), array([0.72973 , 0.778779]), array([0.      , 0.393939, 0.616162]), array([0.410256, 0.461538, 0.410256, 0.410256]), array([1.      , 1.      , 0.896552, 1.      ]), array([0.409091, 0.363636, 0.545455, 0.727273, 0.136364]), array([0.      , 0.291125, 0.540283, 0.355963, 0.278265, 0.873484]), array([0.067466, 0.122659, 0.159309, 0.150329, 0.743543, 0.553781,       0.227706, 0.709024])]
[array([0.62963 , 0.588589]), array([0.766767, 0.845846]), array([1.      , 0.434343, 0.606061]), array([0.410256, 0.410256, 0.384615, 0.410256]), array([1. , 1. , 0.9, 1. ]), array([0.454545, 0.318182, 0.545455, 0.727273, 0.136364]), array([0.      , 0.343933, 0.596021, 0.254213, 0.398029, 0.862243]), array([0.103669, 0.024075, 0.118394, 0.158422, 0.795627, 0.49727 ,       0.193511, 0.267661])]
[array([0.786787, 0.635636]), array([0.666667, 0.928929]), array([0.868687, 0.626263, 0.454545]), array([0.410256, 0.410256, 0.384615, 0.410256]), array([0.9, 1. , 1. , 1. ]), array([0.363636, 0.363636, 0.909091, 0.909091, 0.      ]), array([0.      , 0.341664, 0.57937 , 0.289877, 0.386523, 0.80928 ]), array([0.041858, 0.288516, 0.150646, 0.193969, 1.      , 0.494382,       0.089985, 0.967256])]
[array([0.718719, 0.404404]), array([0.666667, 0.778779]), array([1.      , 0.717172, 0.40404 ]), array([0.410256, 0.384615, 0.410256, 0.410256]), array([1.  , 1.  , 1.  , 0.95]), array([0.409091, 0.409091, 0.590909, 0.772727, 0.090909]), array([0.      , 0.35593 , 0.508574, 0.297218, 0.387822, 0.757026]), array([0.087721, 0.165594, 0.129114, 0.129067, 0.806183, 0.506197,       0.180588, 0.685884])]
[array([0.786787, 0.762763]), array([0.587588, 0.868869]), array([1.      , 0.646465, 0.484848]), array([0.410256, 0.384615, 0.410256, 0.410256]), array([0.975, 0.975, 0.975, 0.975]), array([0.409091, 0.409091, 0.636364, 0.818182, 0.090909]), array([0.      , 0.352493, 0.535352, 0.320862, 0.383233, 0.706313]), array([0.099729, 0.122216, 0.12796 , 0.164186, 0.771412, 0.495535,       0.191945, 0.63014 ])]
[array([0.83984 , 0.762763]), array([0.766767, 0.88989 ]), array([0.848485, 0.626263, 0.444444]), array([0.410256, 0.410256, 0.384615, 0.410256]), array([1.  , 1.  , 1.  , 0.98]), array([0.409091, 0.454545, 0.636364, 0.863636, 0.045455]), array([0.      , 0.363167, 0.521142, 0.328919, 0.375738, 0.602868]), array([0.108496, 0.138325, 0.130806, 0.137218, 0.809654, 0.515403,       0.195652, 0.566147])]
[array([0.641642, 0.775776]), array([0.666667, 0.926927]), array([0.848485, 0.626263, 0.444444]), array([0.410256, 0.410256, 0.384615, 0.410256]), array([1.  , 0.98, 1.  , 1.  ]), array([0.409091, 0.409091, 0.636364, 0.727273, 0.090909]), array([0.      , 0.340361, 0.507236, 0.332886, 0.376496, 0.617998]), array([0.1 , 0.15, 0.13, 0.15, 0.8 , 0.5 , 0.2 , 0.6 ])]